[?25l[0m [38;2;0;0;0m                             [0m
 [38;2;0;0;0m                             [0m
 [38;2;0;0;0m          [0m [38;2;123;113;90m▃[38;2;162;146;113m▅[38;2;195;174;133m▆[38;2;199;178;135m▇[38;2;205;184;139m▇[38;2;203;180;136m▆[38;2;163;145;113m▅[38;2;123;112;88m▃[0m [38;2;46;43;36m         [0m
 [38;2;0;0;0m         [38;2;169;153;119m▗[38;2;190;169;128;48;2;96;87;73m▇[38;2;203;181;135;48;2;169;152;113m▇[38;2;194;173;127;48;2;201;179;134m┊[38;2;173;154;114;48;2;197;175;131m─[38;2;190;167;125;48;2;211;186;140m▖[38;2;213;189;142;48;2;212;188;141m┊[48;2;213;189;141m [38;2;213;189;144;48;2;207;184;138m┊[38;2;183;164;124;48;2;154;136;102m▎[38;2;152;134;103;48;2;87;81;65m▇[0m[38;2;159;142;111m▖        [0m
 [38;2;0;0;0m [0m [38;2;127;106;79m▁[38;2;171;146;113m▁[38;2;111;96;75m▁[38;2;69;60;50m▁[0m [38;2;0;0;0m [38;2;172;37;68m▗[38;2;184;62;78;48;2;183;159;123m▃[38;2;170;81;81;48;2;206;180;136m▁[38;2;183;163;121;48;2;202;180;134m╻[38;2;174;153;112;48;2;189;167;125m╎[38;2;193;171;126;48;2;198;176;131m╶[38;2;204;180;133;48;2;210;187;140m╴[38;2;200;176;130;48;2;212;188;141m╵[38;2;213;190;141;48;2;213;189;142m━[38;2;213;189;141;48;2;213;190;142m┊[38;2;204;182;138;48;2;166;145;110m▎[38;2;170;150;116;48;2;171;149;115m╴[38;2;173;150;113;48;2;164;144;111m┈[0m[38;2;130;117;95m▖       [0m
 [38;2;0;0;0m [0m [7m[38;2;155;127;89m▄[0m[38;2;95;81;57;48;2;170;137;92m▖[38;2;185;150;99;48;2;130;105;76m▇[38;2;172;140;93;48;2;119;101;73m▇[38;2;147;116;80;48;2;174;143;97m╾[38;2;173;140;95;48;2;101;85;64m▇[38;2;158;124;85;48;2;157;54;67m▄[38;2;162;106;84;48;2;191;31;67m▃[38;2;200;27;70;48;2;189;35;67m╴[38;2;191;38;68;48;2;188;146;120m▇[38;2;190;41;69;48;2;191;161;126m▅[38;2;190;48;73;48;2;191;165;126m▃[38;2;173;63;72;48;2;203;176;136m▁[38;2;201;177;132;48;2;210;185;140m╹[38;2;178;157;117;48;2;211;187;140m▁[38;2;173;152;115;48;2;206;183;137m▗[38;2;155;138;101;48;2;167;147;111m╌[38;2;151;131;97;48;2;161;142;109m╵[38;2;153;135;102;48;2;140;123;91m▉[0m[38;2;140;128;98m▍       [0m
 [38;2;0;0;0m   [0m [7m[38;2;107;90;66m▇[38;2;152;123;83m▅[38;2;181;147;97m▄[38;2;175;140;92m▃[38;2;167;135;89m▂[38;2;166;135;90m▂[38;2;153;121;86m▁[0m[38;2;87;76;55;48;2;159;97;79m▁[38;2;156;119;86;48;2;189;39;67m▄[38;2;152;103;79;48;2;192;34;66m▂[38;2;145;46;52;48;2;199;31;68m▁[38;2;195;33;67;48;2;174;106;98m▇[38;2;169;35;60;48;2;187;157;125m▆[38;2;130;27;47;48;2;152;126;99m▄[38;2;124;29;46;48;2;155;136;105m▄[38;2;123;19;42;48;2;146;126;98m▃[38;2;113;27;40;48;2;146;127;99m▃[0m[38;2;154;125;86m▅[38;2;162;131;86m▄[38;2;166;134;91m▃[38;2;145;122;89m▁[0m [38;2;0;0;0m   [0m
 [38;2;0;0;0m            [0m [7m[38;2;145;120;84m▆[38;2;145;116;79m▃[38;2;139;99;71m▁[0m[38;2;165;133;89;48;2;119;42;50m▅[38;2;169;134;90;48;2;124;22;44m▄[38;2;169;134;88;48;2;124;26;43m▃[38;2;170;139;92;48;2;123;27;44m▃[38;2;124;35;44;48;2;168;131;88m▘[38;2;168;133;85;48;2;175;141;90m╴[38;2;176;143;91;48;2;167;134;85m▇[38;2;179;144;90;48;2;190;153;98m▍[38;2;178;143;95;48;2;190;153;99m╶[0m[38;2;170;139;92m▇[38;2;114;97;71m▖  [0m
 [38;2;0;0;0m                [7m[38;2;129;107;77m▇[38;2;154;123;82m▅[38;2;172;141;92m▄[38;2;156;127;84m▂[0m[38;2;79;66;49;48;2;175;142;93m▁[38;2;176;142;93;48;2;153;121;76m▇[38;2;135;109;74;48;2;177;143;93m╺[38;2;65;55;43;48;2;161;133;91m▗[0m[7m[38;2;165;134;91m▁[38;2;178;144;94m▂[0m[38;2;176;143;97m▘  [0m
 [38;2;0;0;0m                     [0m [7m[38;2;157;128;91m▇[38;2;142;120;93m▇[0m [38;2;0;0;0m    [0m
 [38;2;0;0;0m                             [0m
[?25h